1
1
1
796
Rectangle
0.6272164
0.53672904
0.40174565
197
368
1
1
Rectangle
0.7577746
0.14065981
0.22650838
60
80
1
1
Rectangle
0.0032044435
0.85711235
0.38373974
60
128
1
1
Rectangle
0.118533894
0.7310709
0.6588641
124
80
1
1
Rectangle
0.43052462
0.39713737
0.31223488
148
80
1
1
Rectangle
0.64299446
0.35950804
0.77269816
180
80
1
1
Rectangle
0.27811518
0.72765285
0.3795587
148
112
1
1
Rectangle
0.22843105
0.34931487
0.23960082
212
80
1
1
Rectangle
0.54399246
0.003540147
0.11169775
244
80
1
1
Rectangle
0.011597034
0.08349864
0.7185888
228
101
1
1
Rectangle
0.26456496
0.7628407
0.8900418
236
101
1
1
Rectangle
0.050019838
0.22214423
0.4188055
60
80
1
1
Rectangle
0.18158513
0.85992
0.35032198
60
128
1
1
Rectangle
0.52705467
0.88052005
0.18634602
124
80
1
1
Rectangle
0.61888486
0.4247261
0.73555714
148
80
1
1
Rectangle
0.0023499252
0.951384
0.3144322
180
80
1
1
Rectangle
0.7195349
0.14777063
0.053193763
148
112
1
1
Rectangle
0.90444654
0.7335124
0.34171575
212
80
1
1
Rectangle
0.99993896
0.7696768
0.14893033
244
80
1
1
Rectangle
0.68135625
0.36588642
0.08954131
228
101
1
1
Rectangle
0.21890926
0.5328532
0.17590868
236
101
1
1
Rectangle
0.9193091
0.88976717
0.221778
60
80
1
1
Rectangle
0.4598224
0.6502884
0.044373915
60
128
1
1
Rectangle
0.42799157
0.6921598
0.8164617
124
80
1
1
Rectangle
0.7084872
0.6922208
0.897702
148
80
1
1
Rectangle
0.90246284
0.25067905
0.94009215
180
80
1
1
Rectangle
0.7043672
0.31019014
0.10852382
148
112
1
1
Rectangle
0.42994475
0.12460707
0.13959166
212
80
1
1
Rectangle
0.070558794
0.030945769
0.34647664
244
80
1
1
Rectangle
0.94027525
0.64674824
0.23722038
228
101
1
1
Rectangle
0.31583604
0.08990753
0.5577258
236
101
1
1
Rectangle
0.8247627
0.390759
0.95632803
60
80
1
1
Rectangle
0.874691
0.55708486
0.84939116
60
128
1
1
Rectangle
0.49833673
0.84066284
0.84609514
124
80
1
1
Rectangle
0.53282267
0.46278268
0.90499586
148
80
1
1
Rectangle
0.77404094
0.4036378
0.833491
180
80
1
1
Rectangle
0.001617481
0.383343
0.30198064
148
112
1
1
Rectangle
0.68813133
0.6029847
0.63997316
212
80
1
1
Rectangle
0.68007445
0.119876705
0.58049256
244
80
1
1
Rectangle
0.97705007
0.5963622
0.3795587
228
101
1
1
Rectangle
0.40290537
0.8247932
0.7509079
236
101
1
1
Rectangle
0.8948027
0.7037568
0.032990508
60
80
1
1
Rectangle
0.84289074
0.32242805
0.749321
60
128
1
1
Rectangle
0.59233373
0.031708732
0.29032257
124
80
1
1
Rectangle
0.8382214
0.56068605
0.78273875
148
80
1
1
Rectangle
0.98492384
0.16367076
0.60103154
180
80
1
1
Rectangle
0.8791772
0.24051638
0.17020173
148
112
1
1
Rectangle
0.036530655
0.88119143
0.28736228
212
80
1
1
Rectangle
0.9355449
0.8298288
0.81356245
244
80
1
1
Rectangle
0.81331825
0.6092105
0.39213234
228
101
1
1
Rectangle
0.36298716
0.49699393
0.43910033
236
101
1
1
Rectangle
0.6288339
0.36658832
0.66750085
60
80
1
1
Rectangle
0.41694388
0.12753685
0.87246317
60
128
1
1
Rectangle
0.24735253
0.07449568
0.8951384
124
80
1
1
Rectangle
0.5539415
0.6349681
0.46113467
148
80
1
1
Rectangle
0.5496078
0.75856805
0.6828517
180
80
1
1
Rectangle
0.83437604
0.3736076
0.9729606
148
112
1
1
Rectangle
0.42756432
0.09457686
0.13522752
212
80
1
1
Rectangle
0.985168
0.7282327
0.49510178
244
80
1
1
Rectangle
0.0827662
0.5253456
0.46913052
228
101
1
1
Rectangle
0.6589251
0.019623403
0.66621906
236
101
1
1
Rectangle
0.48323008
0.4333018
0.86541337
60
80
1
1
Rectangle
0.76473284
0.85262614
0.61360514
60
128
1
1
Rectangle
0.6096072
0.22571489
0.7420881
124
80
1
1
Rectangle
0.06723227
0.06436354
0.8694113
148
80
1
1
Rectangle
0.4221015
0.28974274
0.32187873
180
80
1
1
Rectangle
0.18314157
0.6378674
0.92321545
148
112
1
1
Rectangle
0.3234962
0.23993652
0.97976625
212
80
1
1
Rectangle
0.26914275
0.44630268
0.5634022
244
80
1
1
Rectangle
0.41233557
0.32685325
0.51335186
228
101
1
1
Rectangle
0.72188485
0.6178777
0.38807335
236
101
1
1
Rectangle
0.1342204
0.93203527
0.31022066
60
80
1
1
Rectangle
0.7198096
0.78182316
0.45335245
60
128
1
1
Rectangle
0.17600024
0.3661916
0.51170385
124
80
1
1
Rectangle
0.055330057
0.5988037
0.60084844
148
80
1
1
Rectangle
0.73018587
0.33771783
0.82290107
180
80
1
1
Rectangle
0.06057924
0.91778314
0.18573564
148
112
1
1
Rectangle
0.7125767
0.092471085
0.7136448
212
80
1
1
Rectangle
0.1413007
0.7635731
0.34452346
244
80
1
1
Rectangle
0.26783043
0.97161776
0.52256846
228
101
1
1
Rectangle
0.13217567
0.2672506
0.21597949
236
101
1
1
Rectangle
0.07129124
0.6113468
0.5417951
60
80
1
1
Rectangle
0.99270606
0.7311014
0.2890103
60
128
1
1
Rectangle
0.6566973
0.8468276
0.6447035
124
80
1
1
Rectangle
0.90356153
0.39747307
0.92013305
148
80
1
1
Rectangle
0.39106417
0.20484024
0.5539415
180
80
1
1
Rectangle
0.22479934
0.28971222
0.66655475
148
112
1
1
Rectangle
0.9088412
0.30164495
0.550737
212
80
1
1
Rectangle
0.66081727
0.83819085
0.044465467
244
80
1
1
Rectangle
0.92672503
0.12756737
0.42915127
228
101
1
1
Rectangle
0.9717704
0.023041476
0.26880702
236
101
1
1
Rectangle
0.5215308
0.7265847
0.92245245
60
80
1
1
Rectangle
0.29969177
0.579516
0.08676412
60
128
1
1
Rectangle
0.280282
0.78774375
0.79979855
124
80
1
1
Rectangle
0.2656331
0.5470443
0.61061436
148
80
1
1
Rectangle
0.36198005
0.7851802
0.47358623
180
80
1
1
Rectangle
0.06503494
0.22824793
0.7027497
148
112
1
1
Rectangle
0.55623037
0.156621
0.39780876
212
80
1
1
Rectangle
0.47257912
0.5774102
0.6031068
244
80
1
1
Rectangle
0.022583697
0.22315134
0.89819026
228
101
1
1
Rectangle
0.5814692
0.2908414
0.732017
236
101
1
1
Rectangle
0.6591082
0.7506027
0.48438978
60
80
1
1
Rectangle
0.8789636
0.54554886
0.58033997
60
128
1
1
Rectangle
0.11578722
0.859035
0.27350688
124
80
1
1
Rectangle
0.5188757
0.5521714
0.9366436
148
80
1
1
Rectangle
0.45265055
0.028687399
0.03134251
180
80
1
1
Rectangle
0.021790216
0.9823603
0.023438215
148
112
1
1
Rectangle
0.4770348
0.8499405
0.63734853
212
80
1
1
Rectangle
0.736198
0.018768884
0.046388134
244
80
1
1
Rectangle
0.9989013
0.55040133
0.62355417
228
101
1
1
Rectangle
0.85726494
0.38810387
0.82558674
236
101
1
1
Rectangle
0.7448042
0.826899
0.95739615
60
80
1
1
Rectangle
0.24768822
0.3953673
0.20456557
60
128
1
1
Rectangle
0.59614855
0.7367168
0.55027926
124
80
1
1
Rectangle
0.3604541
0.80764186
0.44166386
148
80
1
1
Rectangle
0.28617206
0.99288917
0.21228676
180
80
1
1
Rectangle
0.85528123
0.56315804
0.4076052
148
112
1
1
Rectangle
0.83458966
0.5784173
0.055391096
212
80
1
1
Rectangle
0.6509293
0.8291574
0.7667776
244
80
1
1
Rectangle
0.9370098
0.77730644
0.80272835
228
101
1
1
Rectangle
0.79012424
0.028962066
0.032929473
236
101
1
1
Rectangle
0.38801232
0.1355327
0.21408734
60
80
1
1
Rectangle
0.2370983
0.22568437
0.086581014
60
128
1
1
Rectangle
0.52519304
0.14117862
0.011017182
124
80
1
1
Rectangle
0.20850246
0.8138676
0.048371837
148
80
1
1
Rectangle
0.7608875
0.1716361
0.40534684
180
80
1
1
Rectangle
0.47364727
0.95812863
0.94409007
148
112
1
1
Rectangle
0.64604634
0.12640767
0.728782
212
80
1
1
Rectangle
0.8844264
0.7497177
0.99667346
244
80
1
1
Rectangle
0.70906705
0.7662587
0.84902495
228
101
1
1
Rectangle
0.82561725
0.75771356
0.2657857
236
101
1
1
Rectangle
0.65813166
0.74269843
0.17053743
60
80
1
1
Rectangle
0.9432661
0.65306556
0.349559
60
128
1
1
Rectangle
0.553209
0.24991608
0.17587817
124
80
1
1
Rectangle
0.0328074
0.008148442
0.59166235
148
80
1
1
Rectangle
0.36872464
0.7863094
0.79265726
180
80
1
1
Rectangle
0.9805292
0.34452346
0.3245033
148
112
1
1
Rectangle
0.10336619
0.3051851
0.50001526
212
80
1
1
Rectangle
0.7683645
0.14468825
0.75228125
244
80
1
1
Rectangle
0.37760553
0.6842555
0.13574633
228
101
1
1
Rectangle
0.40864283
0.98260444
0.75807977
236
101
1
1
Rectangle
0.41389203
0.57731867
0.9613941
60
80
1
1
Rectangle
0.88515884
0.28971222
0.836848
60
128
1
1
Rectangle
0.54731894
0.95754874
0.81026644
124
80
1
1
Rectangle
0.3765679
0.68068486
0.12967315
148
80
1
1
Rectangle
0.08682516
0.6383862
0.20828883
180
80
1
1
Rectangle
0.8439894
0.34357738
0.79622793
148
112
1
1
Rectangle
0.5697806
0.39728996
0.34272286
212
80
1
1
Rectangle
0.10483108
0.876278
0.329722
244
80
1
1
Rectangle
0.3432722
0.6490066
0.7879574
228
101
1
1
Rectangle
0.4170049
0.24906155
0.52430797
236
101
1
1
Rectangle
0.09677419
0.54750204
0.10260323
60
80
1
1
Rectangle
0.9807733
0.420423
0.26523638
60
128
1
1
Rectangle
0.5807062
0.56065553
0.9137242
124
80
1
1
Rectangle
0.26044497
0.6484573
0.761742
148
80
1
1
Rectangle
0.4040956
0.5882748
0.027588733
180
80
1
1
Rectangle
0.25711843
0.8572344
0.89748836
148
112
1
1
Rectangle
0.63567
0.20300913
0.5783868
212
80
1
1
Rectangle
0.45002595
0.6519669
0.66551715
244
80
1
1
Rectangle
0.057252724
0.21314128
0.36677146
228
101
1
1
Rectangle
0.6979583
0.86089665
0.8046205
236
101
1
1
Rectangle
0.47019866
0.09979553
0.48188725
60
80
1
1
Rectangle
0.57310706
0.9363689
0.38853115
60
128
1
1
Rectangle
0.5482345
0.59419537
0.15994751
124
80
1
1
Rectangle
0.01535081
0.30030215
0.86407053
148
80
1
1
Rectangle
0.5006256
0.3568224
0.741905
180
80
1
1
Rectangle
0.4713584
0.8921781
0.51258886
148
112
1
1
Rectangle
0.37134922
0.028992584
0.6720481
212
80
1
1
Rectangle
0.4413892
0.8989532
0.14700766
244
80
1
1
Rectangle
0.28815576
0.46598712
0.8568072
228
101
1
1
Rectangle
0.22739342
0.03869747
0.67860955
236
101
1
1
Rectangle
0.50776696
0.36292613
0.50148016
60
80
1
1
Rectangle
0.2779626
0.95941037
0.6202582
60
128
1
1
Rectangle
0.8089541
0.3691824
0.88897365
124
80
1
1
Rectangle
0.4893948
0.42515334
0.2578509
148
80
1
1
Rectangle
0.786462
0.7802973
0.5809503
180
80
1
1
Rectangle
0.7695242
0.12103641
0.7479171
148
112
1
1
Rectangle
0.023590809
0.625721
0.33793145
212
80
1
1
Rectangle
0.727195
0.23712882
0.408063
244
80
1
1
Rectangle
0.09121983
0.05880917
0.7896664
228
101
1
1
Rectangle
0.14127018
0.61973935
0.5876339
236
101
1
1
Rectangle
0.9637745
0.026764734
0.67125463
60
80
1
1
Rectangle
0.51402324
0.32660908
0.35786003
60
128
1
1
Rectangle
0.88213754
0.8806116
0.39545885
124
80
1
1
Rectangle
0.14758751
0.018097477
0.4745323
148
80
1
1
Rectangle
0.05529954
0.50126654
0.98278755
180
80
1
1
Rectangle
0.4273507
0.8847621
0.26371044
148
112
1
1
Rectangle
0.9998474
0.2931608
0.046143986
212
80
1
1
Rectangle
0.9736931
0.8753319
0.8867153
244
80
1
1
Rectangle
0.8966338
0.65599537
0.74636066
228
101
1
1
Rectangle
0.66228217
0.97601247
0.4826197
236
101
1
1
Rectangle
0.22238837
0.9151891
0.5279397
60
80
1
1
Rectangle
0.8345286
0.32520524
0.5863216
60
128
1
1
Rectangle
0.21042512
0.79479355
0.13406782
124
80
1
1
Rectangle
0.9520859
0.15213478
0.6048769
148
80
1
1
Rectangle
0.5422834
0.9795526
0.010589923
180
80
1
1
Rectangle
0.114963226
0.031098362
0.6297189
148
112
1
1
Rectangle
0.1886349
0.7595752
0.86773276
212
80
1
1
Rectangle
0.8886685
0.8653218
0.08996857
244
80
1
1
Rectangle
0.6331675
0.80864894
0.99743646
228
101
1
1
Rectangle
0.39445174
0.48661762
0.34040347
236
101
1
1
Rectangle
0.948088
0.4375744
0.07217628
60
80
1
1
Rectangle
0.23755608
0.89852595
0.8501236
60
128
1
1
Rectangle
0.47474593
0.81444746
0.69914854
124
80
1
1
Rectangle
0.20032349
0.13055818
0.8388012
148
80
1
1
Rectangle
0.316599
0.27835932
0.09945982
180
80
1
1
Rectangle
0.3406171
0.532487
0.6245918
148
112
1
1
Rectangle
0.6045412
0.61812186
0.050477616
212
80
1
1
Rectangle
0.83352154
0.2454909
0.2220832
244
80
1
1
Rectangle
0.6678976
0.6642659
0.79244363
228
101
1
1
Rectangle
0.20023194
0.6677145
0.48887601
236
101
1
1
Rectangle
0.9655751
0.38254952
0.08795434
60
80
1
1
Rectangle
0.10983612
0.1078219
0.98870814
60
128
1
1
Rectangle
0.023926511
0.47810298
0.15622425
124
80
1
1
Rectangle
0.3391827
0.62010556
0.34232613
148
80
1
1
Rectangle
0.8181097
0.9511704
0.9076205
180
80
1
1
Rectangle
0.36167485
0.35886714
0.80019534
148
112
1
1
Rectangle
0.14365062
0.7120274
0.9074374
212
80
1
1
Rectangle
0.02948088
0.8094424
0.7182226
244
80
1
1
Rectangle
0.68517107
0.88747823
0.92190313
228
101
1
1
Rectangle
0.54249704
0.065187536
0.17505418
236
101
1
1
Rectangle
0.81691945
0.4610126
0.8680074
60
80
1
1
Rectangle
0.98425245
0.058931243
0.75948364
60
128
1
1
Rectangle
0.7993408
0.008636738
0.6339305
124
80
1
1
Rectangle
0.7792596
0.43736076
0.20773949
148
80
1
1
Rectangle
0.0819422
0.14484085
0.67448956
180
80
1
1
Rectangle
0.105838194
0.7251808
0.7046419
148
112
1
1
Rectangle
0.02090518
0.506943
0.6481216
212
80
1
1
Rectangle
0.21539964
0.6753441
0.90710163
244
80
1
1
Rectangle
0.5857723
0.30259103
0.76995146
228
101
1
1
Rectangle
0.3850215
0.3765679
0.72688985
236
101
1
1
Rectangle
0.694937
0.25281534
0.13571581
60
80
1
1
Rectangle
0.48881498
0.91003144
0.24726096
60
128
1
1
Rectangle
0.8056276
0.80272835
0.1478927
124
80
1
1
Rectangle
0.54371774
0.23950927
0.47062594
148
80
1
1
Rectangle
0.41691336
0.373455
0.47459334
180
80
1
1
Rectangle
0.6882229
0.7087619
0.52574235
148
112
1
1
Rectangle
0.35065767
0.8133793
0.81728566
212
80
1
1
Rectangle
0.5157933
0.13098544
0.1291238
244
80
1
1
Rectangle
0.17514573
0.7003388
0.2811365
228
101
1
1
Rectangle
0.13180944
0.114322335
0.12128056
236
101
1
1
Rectangle
0.062440872
0.37583545
0.45628223
60
80
1
1
Rectangle
0.3595996
0.09601123
0.40656757
60
128
1
1
Rectangle
0.83895385
0.17969298
0.5538194
124
80
1
1
Rectangle
0.81209755
0.68599504
0.24652852
148
80
1
1
Rectangle
0.1329081
0.92556536
0.22510453
180
80
1
1
Rectangle
0.6959746
0.46916103
0.20896024
148
112
1
1
Rectangle
0.4611652
0.83999145
0.1465804
212
80
1
1
Rectangle
0.85024565
0.5108799
0.78792685
244
80
1
1
Rectangle
0.9588
0.6038392
0.20496231
228
101
1
1
Rectangle
0.26493117
0.5784173
0.4072695
236
101
1
1
Rectangle
0.36411634
0.40897855
0.29129916
60
80
1
1
Rectangle
0.8041322
0.65517133
0.8276925
60
128
1
1
Rectangle
0.9510178
0.7047029
0.4333018
124
80
1
1
Rectangle
0.69588304
0.81063265
0.51634264
148
80
1
1
Rectangle
0.47734
0.17590868
0.3876156
180
80
1
1
Rectangle
0.1734672
0.023255104
0.9411298
148
112
1
1
Rectangle
0.01803644
0.09997864
0.0032654805
212
80
1
1
Rectangle
0.08395642
0.25675222
0.63383895
244
80
1
1
Rectangle
0.8959624
0.19074069
0.7791986
228
101
1
1
Rectangle
0.946379
0.09408856
0.86288035
236
101
1
1
Rectangle
0.94174016
0.9866634
0.19629505
60
80
1
1
Rectangle
0.4671163
0.65614796
0.4826197
60
128
1
1
Rectangle
0.12869656
0.39551988
0.73512983
124
80
1
1
Rectangle
0.5299844
0.50294507
0.6163213
148
80
1
1
Rectangle
0.364391
0.80047
0.11688589
180
80
1
1
Rectangle
0.7969909
0.85836357
0.90029603
148
112
1
1
Rectangle
0.0039979247
0.7810297
0.35489973
212
80
1
1
Rectangle
0.9103061
0.9378643
0.6993927
244
80
1
1
Rectangle
0.60621965
0.63902706
0.797937
228
101
1
1
Rectangle
0.49800104
0.5211951
0.61992246
236
101
1
1
Rectangle
0.70314646
0.16235848
0.61638236
60
80
1
1
Rectangle
0.3838618
0.31910154
0.42091128
60
128
1
1
Rectangle
0.031220436
0.03854488
0.24530777
124
80
1
1
Rectangle
0.20795313
0.2639851
0.6853542
148
80
1
1
Rectangle
0.88894314
0.66783655
0.28464612
180
80
1
1
Rectangle
0.7057405
0.7309183
0.981048
148
112
1
1
Rectangle
0.18109684
0.4479812
0.3912473
212
80
1
1
Rectangle
0.7940611
0.9946287
0.3452254
244
80
1
1
Rectangle
0.39893797
0.5341044
0.9012726
228
101
1
1
Rectangle
0.9968871
0.07345805
0.38956878
236
101
1
1
Rectangle
0.39494002
0.24381237
0.42399365
60
80
1
1
Rectangle
0.23786126
0.6290475
0.769097
60
128
1
1
Rectangle
0.4720603
0.30185857
0.5721
124
80
1
1
Rectangle
0.2553789
0.9046907
0.81603444
148
80
1
1
Rectangle
0.13458663
0.63005465
0.46351513
180
80
1
1
Rectangle
0.48350474
0.92229986
0.4296701
148
112
1
1
Rectangle
0.97686696
0.0056459242
0.7731254
212
80
1
1
Rectangle
0.8148442
0.44010743
0.46485794
244
80
1
1
Rectangle
0.73335975
0.26633504
0.05178991
228
101
1
1
Rectangle
0.84231085
0.62944424
0.4947661
236
101
1
1
Rectangle
0.6105533
0.4516434
0.8919645
60
80
1
1
Rectangle
0.5937376
0.17966247
0.57008576
60
128
1
1
Rectangle
0.7875301
0.96874905
0.4258858
124
80
1
1
Rectangle
0.04770043
0.71553695
0.07275613
148
80
1
1
Rectangle
0.5377056
0.1769158
0.72505873
180
80
1
1
Rectangle
0.47953734
0.13034455
0.6026185
148
112
1
1
Rectangle
0.90932953
0.32602924
0.043397322
212
80
1
1
Rectangle
0.5547044
0.8328806
0.65541553
244
80
1
1
Rectangle
0.4369335
0.18427075
0.6484573
228
101
1
1
Rectangle
0.6915189
0.0929899
0.28434095
236
101
1
1
Rectangle
0.059541613
0.5763115
0.32831812
60
80
1
1
Rectangle
0.17667165
0.78487504
0.6015198
60
128
1
1
Rectangle
0.42460403
0.045991395
0.68099004
124
80
1
1
Rectangle
0.46546832
0.98263496
0.50248724
148
80
1
1
Rectangle
0.17947936
0.5867183
0.106509596
180
80
1
1
Rectangle
0.6542558
0.19483016
0.005584887
148
112
1
1
Rectangle
0.8242134
0.4707175
0.15912351
212
80
1
1
Rectangle
0.9048433
0.65056306
0.71828365
244
80
1
1
Rectangle
0.34009826
0.2804956
0.6993927
228
101
1
1
Rectangle
0.24942778
0.09857479
0.794763
236
101
1
1
Rectangle
0.2502823
0.9269082
0.24164556
60
80
1
1
Rectangle
0.34134954
0.1772515
0.96334726
60
128
1
1
Rectangle
0.12768945
0.35535753
0.14432204
124
80
1
1
Rectangle
0.9588
0.6797693
0.398175
148
80
1
1
Rectangle
0.9755241
0.41639453
0.96331674
180
80
1
1
Rectangle
0.04934843
0.10455641
0.017761772
148
112
1
1
Rectangle
0.4846034
0.63615835
0.51115453
212
80
1
1
Rectangle
0.43964964
0.86629844
0.8323008
244
80
1
1
Rectangle
0.04953154
0.99270606
0.055787835
228
101
1
1
Rectangle
0.65715504
0.5763115
0.86373484
236
101
1
1
Rectangle
0.72368544
0.90643024
0.78273875
60
80
1
1
Rectangle
0.24283578
0.007019257
0.5460067
60
128
1
1
Rectangle
0.13901182
0.11651967
0.25562304
124
80
1
1
Rectangle
0.0995819
0.8557085
0.007965331
148
80
1
1
Rectangle
0.9354839
0.5620594
0.26902065
180
80
1
1
Rectangle
0.44593647
0.34742272
0.86919767
148
112
1
1
Rectangle
0.5564745
0.44346446
0.31626332
212
80
1
1
Rectangle
0.45545822
0.18848231
0.76744896
244
80
1
1
Rectangle
0.5065767
0.93099767
0.022827845
228
101
1
1
Rectangle
0.28052613
0.5222327
0.4086123
236
101
1
1
Rectangle
0.44785914
0.13672292
0.44480726
60
80
1
1
Rectangle
0.5130772
0.48060548
0.11136204
60
128
1
1
Rectangle
0.9682913
0.602588
0.22656941
124
80
1
1
Rectangle
0.847499
0.78508866
0.23487045
148
80
1
1
Rectangle
0.60683006
0.29920346
0.38093203
180
80
1
1
Rectangle
0.40852076
0.7589343
0.15387432
148
112
1
1
Rectangle
0.89370406
0.610889
0.018158514
212
80
1
1
Rectangle
0.51365703
0.19296853
0.20398572
244
80
1
1
Rectangle
0.88482314
0.6183966
0.83715326
228
101
1
1
Rectangle
0.17960143
0.88415176
0.8906827
236
101
1
1
Rectangle
0.06280709
0.8145085
0.7253944
60
80
1
1
Rectangle
0.08432264
0.4644307
0.2575457
60
128
1
1
Rectangle
0.6654256
0.81786555
0.51911986
124
80
1
1
Rectangle
0.57976013
0.48411512
0.27356791
148
80
1
1
Rectangle
0.61381876
0.31809443
0.97705007
180
80
1
1
Rectangle
0.34449294
0.73033845
0.045228433
148
112
1
1
Rectangle
0.37226477
0.009186071
0.44505143
212
80
1
1
Rectangle
0.9953917
0.5767998
0.21683401
244
80
1
1
Rectangle
0.39921263
0.2784814
0.65990174
228
101
1
1
Rectangle
0.063081756
0.8962981
0.71321756
236
101
1
1
Rectangle
0.47843868
0.5381634
0.78237253
60
80
1
1
Rectangle
0.8105411
0.85155797
0.6286813
60
128
1
1
Rectangle
0.26612142
0.9389325
0.18997772
124
80
1
1
Rectangle
0.053926207
0.8346812
0.2023072
148
80
1
1
Rectangle
0.9870601
0.41856137
0.9207739
180
80
1
1
Rectangle
0.062379833
0.07696768
0.06201361
148
112
1
1
Rectangle
0.478988
0.2360912
0.067201756
212
80
1
1
Rectangle
0.38712728
0.12582782
0.8999298
244
80
1
1
Rectangle
0.85079503
0.94784385
0.0006103702
228
101
1
1
Rectangle
0.7318949
0.60484636
0.0783105
236
101
1
1
Rectangle
0.0035706656
0.82302314
0.18195136
60
80
1
1
Rectangle
0.34434035
0.56678975
0.9887997
60
128
1
1
Rectangle
0.30021057
0.59810174
0.6148564
124
80
1
1
Rectangle
0.5124668
0.43830684
0.9175695
148
80
1
1
Rectangle
0.87118137
0.8514054
0.8420667
180
80
1
1
Rectangle
0.21228676
0.16611224
0.33713797
148
112
1
1
Rectangle
0.5484176
0.7762993
0.903531
212
80
1
1
Rectangle
0.4013184
0.83336896
0.5692007
244
80
1
1
Rectangle
0.34153265
0.35789055
0.98980683
228
101
1
1
Rectangle
0.5076144
0.84414196
0.27347636
236
101
1
1
Rectangle
0.84194463
0.54713583
0.75988036
60
80
1
1
Rectangle
0.9566027
0.90215766
0.836848
60
128
1
1
Rectangle
0.08337657
0.5975524
0.57649463
124
80
1
1
Rectangle
0.72722554
0.55671865
0.08978546
148
80
1
1
Rectangle
0.32569355
0.9128391
0.3662221
180
80
1
1
Rectangle
0.5643483
0.1871395
0.4910123
148
112
1
1
Rectangle
0.0913419
0.16794336
0.56450087
212
80
1
1
Rectangle
0.21796319
0.06179998
0.6172674
244
80
1
1
Rectangle
0.69139683
0.7431257
0.7788934
228
101
1
1
Rectangle
0.55903804
0.6747032
0.10345775
236
101
1
1
Rectangle
0.5579089
0.26868495
0.5247658
60
80
1
1
Rectangle
0.25882748
0.047212135
0.7176427
60
128
1
1
Rectangle
0.07770012
0.94946134
0.78060246
124
80
1
1
Rectangle
0.5413373
0.21674246
0.6569414
148
80
1
1
Rectangle
0.4191107
0.9387494
0.29865414
180
80
1
1
Rectangle
0.95016325
0.8385876
0.034730066
148
112
1
1
Rectangle
0.19141209
0.9971313
0.71916866
212
80
1
1
Rectangle
0.7367473
0.82958466
0.5240333
244
80
1
1
Rectangle
0.7929319
0.6166265
0.6933195
228
101
1
1
Rectangle
0.00286874
0.40595722
0.8492996
236
101
1
1
Rectangle
0.11767937
0.3489181
0.5514084
60
80
1
1
Rectangle
0.7392804
0.83816034
0.9090243
60
128
1
1
Rectangle
0.028962066
0.8662068
0.6786706
124
80
1
1
Rectangle
0.022247994
0.8882107
0.38099307
148
80
1
1
Rectangle
0.78868985
0.93432415
0.8106937
180
80
1
1
Rectangle
0.48335215
0.33500168
0.346202
148
112
1
1
Rectangle
0.5883358
0.6125065
0.055391096
212
80
1
1
Rectangle
0.37931454
0.3534959
0.38163397
244
80
1
1
Rectangle
0.57924134
0.23767816
0.717246
228
101
1
1
Rectangle
0.78832364
0.92242193
0.348735
236
101
1
1
Rectangle
0.47199926
0.73085725
0.062135685
60
80
1
1
Rectangle
0.26377147
0.015228736
0.36320078
60
128
1
1
Rectangle
0.99813837
0.0994293
0.1496933
124
80
1
1
Rectangle
0.31852168
0.20621356
0.8016602
148
80
1
1
Rectangle
0.4171575
0.3335063
0.8910794
180
80
1
1
Rectangle
0.012787255
0.6213263
0.30396435
148
112
1
1
Rectangle
0.9437849
0.8238777
0.6967681
212
80
1
1
Rectangle
0.30365917
0.010711997
0.19248024
244
80
1
1
Rectangle
0.57960755
0.5970336
0.58030945
228
101
1
1
Rectangle
0.30842006
0.23636585
0.17749566
236
101
1
1
Rectangle
0.4931791
0.6872158
0.5075228
60
80
1
1
Rectangle
0.8621784
0.78276926
0.2740257
60
128
1
1
Rectangle
0.92138433
0.4746849
0.25202185
124
80
1
1
Rectangle
0.3381756
0.13525803
0.14712973
148
80
1
1
Rectangle
0.6928312
0.44016847
0.15967284
180
80
1
1
Rectangle
0.2721946
0.15411848
0.2519303
148
112
1
1
Rectangle
0.022156438
0.13711967
0.16519669
212
80
1
1
Rectangle
0.5122837
0.026398512
0.7706229
244
80
1
1
Rectangle
0.32032228
0.8978851
0.26386303
228
101
1
1
Rectangle
0.033539843
0.13086337
0.091921754
236
101
1
1
Rectangle
0.5332194
0.48558
0.5513474
60
80
1
1
Rectangle
0.831019
0.32428968
0.05789361
60
128
1
1
Rectangle
0.08539079
0.21195105
0.022980439
124
80
1
1
Rectangle
0.06424146
0.8784143
0.03955199
148
80
1
1
Rectangle
0.99270606
0.58079773
0.70223093
180
80
1
1
Rectangle
0.49665824
0.6893216
0.7266152
148
112
1
1
Rectangle
0.23917356
0.9176611
0.4656209
212
80
1
1
Rectangle
0.8757286
0.5708792
0.9468673
244
80
1
1
Rectangle
0.22107609
0.33194983
0.27842036
228
101
1
1
Rectangle
0.86291087
0.55403304
0.4980926
236
101
1
1
Rectangle
0.060304575
0.3501694
0.5718253
60
80
1
1
Rectangle
0.07022309
0.2739036
0.49916074
60
128
1
1
Rectangle
0.015320292
0.2890408
0.30726036
124
80
1
1
Rectangle
0.31611073
0.8544877
0.77858824
148
80
1
1
Rectangle
0.18707846
0.52412486
0.010315256
180
80
1
1
Rectangle
0.0044557024
0.32935575
0.9362468
148
112
1
1
Rectangle
0.3607593
0.88250375
0.83886224
212
80
1
1
Rectangle
0.1820124
0.68532366
0.56874293
244
80
1
1
Rectangle
0.26352733
0.0692465
0.70583206
228
101
1
1
Rectangle
0.9625233
0.21045564
0.36121708
236
101
1
1
Rectangle
0.87908566
0.95376444
0.72923976
60
80
1
1
Rectangle
0.25138095
0.09756768
0.9454024
60
128
1
1
Rectangle
0.86919767
0.31687367
0.95492417
124
80
1
1
Rectangle
0.68279064
0.3167516
0.23123875
148
80
1
1
Rectangle
0.7315287
0.9206824
0.51911986
180
80
1
1
Rectangle
0.018677328
0.7578051
0.9594714
148
112
1
1
Rectangle
0.2004761
0.13016145
0.310007
212
80
1
1
Rectangle
0.58195746
0.67705315
0.12344737
244
80
1
1
Rectangle
0.6961577
0.42155218
0.87725455
228
101
1
1
Rectangle
0.2273629
0.68694115
0.29343545
236
101
1
1
Rectangle
0.47309792
0.5727714
0.94915617
60
80
1
1
Rectangle
0.51994383
0.029419843
0.3700064
60
128
1
1
Rectangle
0.6371349
0.7812128
0.5765862
124
80
1
1
Rectangle
0.8156682
0.79857785
0.52256846
148
80
1
1
Rectangle
0.51350445
0.008362072
0.75109106
180
80
1
1
Rectangle
0.4497513
0.24683371
0.65627
148
112
1
1
Rectangle
0.08584857
0.14325388
0.4730369
212
80
1
1
Rectangle
0.85616624
0.45429853
0.32322153
244
80
1
1
Rectangle
0.5088962
0.72652364
0.79427475
228
101
1
1
Rectangle
0.7957091
0.57725763
0.17535935
236
101
1
1
Rectangle
0.15195166
0.6120487
0.45429853
60
80
1
1
Rectangle
0.58372754
0.7557604
0.47230446
60
128
1
1
Rectangle
0.38404492
0.68675804
0.4983062
124
80
1
1
Rectangle
0.90411085
0.6669515
0.43324077
148
80
1
1
Rectangle
0.48301646
0.24808496
0.82842493
180
80
1
1
Rectangle
0.10480056
0.7913144
0.9812921
148
112
1
1
Rectangle
0.7738273
0.47621083
0.12665181
212
80
1
1
Rectangle
0.40964994
0.8357799
0.2979217
244
80
1
1
Rectangle
0.49211097
0.26087222
0.12073123
228
101
1
1
Rectangle
0.88213754
0.55708486
0.20905179
236
101
1
1
Rectangle
0.060121465
0.07361065
0.86971647
60
80
1
1
Rectangle
0.86196476
0.57322913
0.38651693
60
128
1
1
Rectangle
0.57155067
0.2427137
0.7473983
124
80
1
1
Rectangle
0.5886105
0.7701956
0.29670095
148
80
1
1
Rectangle
0.4422132
0.51365703
0.22629474
180
80
1
1
Rectangle
0.45527512
0.72368544
0.38404492
148
112
1
1
Rectangle
0.5115818
0.78704184
0.5348369
212
80
1
1
Rectangle
0.4240852
0.293466
0.7686392
244
80
1
1
Rectangle
0.508652
0.045625173
0.9032258
228
101
1
1
Rectangle
0.20569475
0.33021027
0.38740197
236
101
1
1
Rectangle
0.8431959
0.33564258
0.55363625
60
80
1
1
Rectangle
0.48878446
0.39020967
0.643025
60
128
1
1
Rectangle
0.28034303
0.8798791
0.95056003
124
80
1
1
Rectangle
0.4192938
0.6050905
0.8687704
148
80
1
1
Rectangle
0.32319102
0.5980102
0.23563342
180
80
1
1
Rectangle
0.30710775
0.52772605
0.89635915
148
112
1
1
Rectangle
0.19269387
0.115848266
0.35264137
212
80
1
1
Rectangle
0.79494613
0.99597156
0.35163426
244
80
1
1
Rectangle
0.2809229
0.38642538
0.2428663
228
101
1
1
Rectangle
0.095583975
0.9485458
0.6247444
236
101
1
1
Rectangle
0.9862667
0.94567704
0.79250467
60
80
1
1
Rectangle
0.005798517
0.8168279
0.3937498
60
128
1
1
Rectangle
0.044770654
0.21134068
0.057313763
124
80
1
1
Rectangle
0.8687094
0.7279275
0.7464522
148
80
1
1
Rectangle
0.97396773
0.7266762
0.8089236
180
80
1
1
Rectangle
0.10309152
0.41175574
0.9701224
148
112
1
1
Rectangle
0.16772974
0.47975096
0.7601245
212
80
1
1
Rectangle
0.97631764
0.53639334
0.5892514
244
80
1
1
Rectangle
0.65453047
0.016968291
0.06482132
228
101
1
1
Rectangle
0.5855892
0.32093266
0.85039824
236
101
1
1
Rectangle
0.67033905
0.6412854
0.96893215
60
80
1
1
Rectangle
0.16657002
0.8261971
0.20612201
60
128
1
1
Rectangle
0.13995789
0.1676992
0.94601274
124
80
1
1
Rectangle
0.47926268
0.41712698
0.06411939
148
80
1
1
Rectangle
0.02008118
0.1248207
0.4021119
180
80
1
1
Rectangle
0.76808983
0.6602069
0.76345104
148
112
1
1
Rectangle
0.36631367
0.5654164
0.20816675
212
80
1
1
Rectangle
0.27018037
0.48185673
0.047608875
244
80
1
1
Rectangle
0.065981016
0.41044343
0.03909421
228
101
1
1
Rectangle
0.08438368
0.90227973
0.84487444
236
101
1
1
Rectangle
0.55653554
0.118869595
0.8921476
60
80
1
1
Rectangle
0.03482162
0.18958098
0.5660268
60
128
1
1
Rectangle
0.64659566
0.07940916
0.3445845
124
80
1
1
Rectangle
0.5960265
0.9876095
0.015381329
148
80
1
1
Rectangle
0.90395826
0.08365124
0.22482985
180
80
1
1
Rectangle
0.61128575
0.96893215
0.0048829615
148
112
1
1
Rectangle
0.09112827
0.18668172
0.52629167
212
80
1
1
Rectangle
0.061983094
0.99200416
0.48860133
244
80
1
1
Rectangle
0.9450972
0.81835383
0.72588277
228
101
1
1
Rectangle
0.15524766
0.7095248
0.12445448
236
101
1
1
Rectangle
0.33152255
0.79927975
0.29465622
60
80
1
1
Rectangle
0.11612293
0.21860409
0.2412183
60
128
1
1
Rectangle
0.5909299
0.5660573
0.23740348
124
80
1
1
Rectangle
0.92477185
0.7835017
0.8703574
148
80
1
1
Rectangle
0.84466076
0.044618063
0.09317301
180
80
1
1
Rectangle
0.4509415
0.021057772
0.41892758
148
112
1
1
Rectangle
0.2849208
0.8554338
0.09714042
212
80
1
1
Rectangle
0.6367382
0.34995574
0.33509323
244
80
1
1
Rectangle
0.14349803
0.5121616
0.26816615
228
101
1
1
Rectangle
0.18323313
0.08169805
0.37662894
236
101
1
1
Rectangle
0.25675222
0.61397135
0.17224647
60
80
1
1
Rectangle
0.2400586
0.41151157
0.46348462
60
128
1
1
Rectangle
0.03579821
0.3524888
0.14676352
124
80
1
1
Rectangle
0.49510178
0.8635212
0.19742423
148
80
1
1
Rectangle
0.34067813
0.5886105
0.9735099
180
80
1
1
Rectangle
0.44801173
0.5915403
0.5959349
148
112
1
1
Rectangle
0.3689993
0.9172338
0.4919889
212
80
1
1
Rectangle
0.14401685
0.45481735
0.03378399
244
80
1
1
Rectangle
0.3267922
0.16623431
0.56822413
228
101
1
1
Rectangle
0.87438583
0.10077212
0.4433729
236
101
1
1
Rectangle
0.48042238
0.28385267
0.30323192
60
80
1
1
Rectangle
0.93597215
0.5252541
0.114749596
60
128
1
1
Rectangle
0.3145848
0.18854335
0.5109104
124
80
1
1
Rectangle
0.11691641
0.86233103
0.587756
148
80
1
1
Rectangle
0.07101657
0.50904876
0.4314707
180
80
1
1
Rectangle
0.7549364
0.61165196
0.7629017
148
112
1
1
Rectangle
0.036988433
0.85479295
0.51008636
212
80
1
1
Rectangle
0.6317331
0.26325268
0.10147405
244
80
1
1
Rectangle
0.72203743
0.9542528
0.97759944
228
101
1
1
Rectangle
0.24314097
0.45286417
0.26487014
236
101
1
1
Rectangle
0.62385935
0.30597857
0.05017243
60
80
1
1
Rectangle
0.74236274
0.5024567
0.37974182
60
128
1
1
Rectangle
0.7726066
0.5270852
0.9426252
124
80
1
1
Rectangle
0.7251503
0.5924558
0.93908507
148
80
1
1
Rectangle
0.77385783
0.98492384
0.6873379
180
80
1
1
Rectangle
0.62743
0.0023499252
0.7797174
148
112
1
1
Rectangle
0.7778863
0.18292795
0.09866634
212
80
1
1
Rectangle
0.469924
0.96704
0.24439223
244
80
1
1
Rectangle
0.803003
0.3647267
0.23783074
228
101
1
1
Rectangle
0.63075656
0.8543046
0.15979491
236
101
1
1
Rectangle
0.26551104
0.5296487
0.5495468
60
80
1
1
Rectangle
0.88464004
0.70043033
0.2738731
60
128
1
1
Rectangle
0.53923154
0.14090396
0.57762384
124
80
1
1
Rectangle
0.737083
0.7655263
0.913358
148
80
1
1
Rectangle
0.010101627
0.879696
0.9490646
180
80
1
1
Rectangle
0.733665
0.821131
0.47663808
148
112
1
1
Rectangle
0.53117466
0.4796289
0.27228615
212
80
1
1
Rectangle
0.5579394
0.47709587
0.59004486
244
80
1
1
Rectangle
0.5437788
0.59331036
0.84688866
228
101
1
1
Rectangle
0.97698903
0.12262337
0.9522691
236
101
1
1
Rectangle
0.54020816
0.41645557
0.7554247
60
80
1
1
Rectangle
0.67088836
0.12121952
0.69902647
60
128
1
1
Rectangle
0.12179937
0.056398205
0.12967315
124
80
1
1
Rectangle
0.32123783
0.8849452
0.16098514
148
80
1
1
Rectangle
0.78453934
0.99954224
0.27494127
180
80
1
1
Rectangle
0.6558428
0.48680073
0.78737754
148
112
1
1
Rectangle
0.86226994
0.1369976
0.026917325
212
80
1
1
Rectangle
0.077547535
0.6761681
0.39402446
244
80
1
1
Rectangle
0.9038972
0.27008882
0.32557145
228
101
1
1
Rectangle
0.6728721
0.66170233
0.38770714
236
101
1
1
Rectangle
0.27802363
0.46388134
0.64983064
60
80
1
1
Rectangle
0.4196295
0.95309305
0.84701073
60
128
1
1
Rectangle
0.11358989
0.67525256
0.7862789
124
80
1
1
Rectangle
0.9241615
0.021027254
0.92883086
148
80
1
1
Rectangle
0.92031616
0.37134922
0.53218174
180
80
1
1
Rectangle
0.6362499
0.6791589
0.64082766
148
112
1
1
Rectangle
0.5171972
0.0056764428
0.48188725
212
80
1
1
Rectangle
0.84508806
0.029877622
0.2026429
244
80
1
1
Rectangle
0.35200047
0.8535722
0.14197211
228
101
1
1
Rectangle
0.47123632
0.67882323
0.6336863
236
101
1
1
Rectangle
0.045533616
0.45262
0.38691366
60
80
1
1
Rectangle
0.36710715
0.8288827
0.48203987
60
128
1
1
Rectangle
0.17026277
0.37275308
0.83257544
124
80
1
1
Rectangle
0.14557329
0.9470199
0.36762595
148
80
1
1
Rectangle
0.99197364
0.8778954
0.19083224
180
80
1
1
Rectangle
0.09686575
0.07208472
0.88235116
148
112
1
1
Rectangle
0.29621264
0.8641926
0.2016358
212
80
1
1
Rectangle
0.15442365
0.63240457
0.9937437
244
80
1
1
Rectangle
0.6115909
0.8903165
0.44367808
228
101
1
1
Rectangle
0.75515
0.9856258
0.060914945
236
101
1
1
Rectangle
0.25122836
0.7827082
0.32779932
60
80
1
1
Rectangle
0.43369853
0.913358
0.5195471
60
128
1
1
Rectangle
0.754387
0.82271796
0
124
80
1
1
Rectangle
0.7190466
0.11523789
0.8485366
148
80
1
1
Rectangle
0.6383862
0.5335246
0.8521683
180
80
1
1
Rectangle
0.98907435
0.4849086
0.22263253
148
112
1
1
Rectangle
0.99935913
0.20288706
0.9808954
212
80
1
1
Rectangle
0.011688589
0.7327799
0.9058199
244
80
1
1
Rectangle
0.547441
0.13196203
0.37485886
228
101
1
1
Rectangle
0.5822016
0.87621695
0.5736259
236
101
1
1
Rectangle
0.2602008
0.81279945
0.97183144
60
80
1
1
Rectangle
0.58299506
0.36906034
0.999115
60
128
1
1
Rectangle
0.10269479
0.43513292
0.13455611
124
80
1
1
Rectangle
0.5668508
0.316599
0.5130772
148
80
1
1
Rectangle
0.33005768
0.9288614
0.67613757
180
80
1
1
Rectangle
0.22482985
0.44279304
0.9891659
148
112
1
1
Rectangle
0.87203586
0.7898495
0.44007692
212
80
1
1
Rectangle
0.46928313
0.36912137
0.42539752
244
80
1
1
Rectangle
0.3344218
0.8380993
0.7419355
228
101
1
1
Rectangle
0.9651784
0.45365766
0.12619403
236
101
1
1
Rectangle
0.35587633
0.44007692
0.8224433
60
80
1
1
Rectangle
0.40681174
0.050691243
0.65398115
60
128
1
1
Rectangle
0.5611438
0.22333445
0.9816584
124
80
1
1
Rectangle
0.28403577
0.7089755
0.74596393
148
80
1
1
Rectangle
0.27549058
0.538316
0.37668997
180
80
1
1
Rectangle
0.93758965
0.6571245
0.90081483
148
112
1
1
Rectangle
0.6361278
0.51115453
0.7030854
212
80
1
1
Rectangle
0.9960326
0.051759392
0.9590747
244
80
1
1
Rectangle
0.87820065
0.10361034
0.26172674
228
101
1
1
Rectangle
0.4359569
0.011932737
0.3548387
236
101
1
1
Rectangle
0.51335186
0.776513
0.37025055
60
80
1
1
Rectangle
0.14191107
0.5602588
0.42918178
60
128
1
1
Rectangle
0.9794305
0.7712943
0.8271737
124
80
1
1
Rectangle
0.5871456
0.35798213
0.8926969
148
80
1
1
Rectangle
0.2482986
0.2977691
0.31348613
180
80
1
1
Rectangle
0.7344279
0.6860561
0.8319956
148
112
1
1
Rectangle
0.9595935
0.67690057
0.3357036
212
80
1
1
Rectangle
0.09442427
0.6100955
0.19492172
244
80
1
1
Rectangle
0.02316355
0.35608998
0.70656455
228
101
1
1
Rectangle
0.7008576
0.8011414
0.090243235
236
101
1
1
Rectangle
0.43491927
0.31888792
0.7504196
60
80
1
1
Rectangle
0.19345683
0.1881466
0.12268441
60
128
1
1
Rectangle
0.39283425
0.37226477
0.5305948
124
80
1
1
Rectangle
0.86681724
0.6214484
0.9774163
148
80
1
1
Rectangle
0.8208258
0.7437056
0.5546129
180
80
1
1
Rectangle
0.066316724
0.14859462
0.19739372
148
112
1
1
Rectangle
0.22025208
0.97564626
0.74291205
212
80
1
1
Rectangle
0.3248085
0.47639394
0.18454543
244
80
1
1
Rectangle
0.50645465
0.89657277
0.07425153
228
101
1
1
Rectangle
0.75045013
0.8339793
0.52790916
236
101
1
1
Rectangle
0.27014986
0.09808649
0.3695181
60
80
1
1
Rectangle
0.031311993
0.8926359
0.44373912
60
128
1
1
Rectangle
0.85958433
0.482284
0.27063814
124
80
1
1
Rectangle
0.6348155
0.7582629
0.028626362
148
80
1
1
Rectangle
0.9296243
0.6873989
0.74056214
180
80
1
1
Rectangle
0.9760735
0.46110415
0.80184335
148
112
1
1
Rectangle
0.78014463
0.1793878
0.47276223
212
80
1
1
Rectangle
0.13827936
0.9477523
0.2725608
244
80
1
1
Rectangle
0.024231697
0.13324381
0.5866878
228
101
1
1
Rectangle
0.76723534
0.4562212
0.6384472
236
101
1
1
Rectangle
0.021393476
0.5518052
0.017761772
60
80
1
1
Rectangle
0.6628925
0.45558032
0.82250434
60
128
1
1
Rectangle
0.19904172
0.00021362957
0.2158269
124
80
1
1
Rectangle
0.9767754
0.17532884
0.5217139
148
80
1
1
Rectangle
0.99755853
0.501236
0.26847133
180
80
1
1
Rectangle
0.41654715
0.2687765
0.38486892
148
112
1
1
Rectangle
0.8323618
0.1607715
0.4885403
212
80
1
1
Rectangle
0.0888699
0.46818444
0.49592578
244
80
1
1
Rectangle
0.29606006
0.60438854
0.9765618
228
101
1
1
Rectangle
0.19864498
0.32667014
0.6293832
236
101
1
1
Rectangle
0.9515671
0.9226966
0.81115144
60
80
1
1
Rectangle
0.3958861
0.42402416
0.89422286
60
128
1
1
Rectangle
0.6143071
0.17896055
0.45997497
124
80
1
1
Rectangle
0.7421186
0.86950284
0.018524736
148
80
1
1
Rectangle
0.119876705
0.2441786
0.8649861
180
80
1
1
Rectangle
0.68517107
0.68617815
0.27060762
148
112
1
1
Rectangle
0.3383587
0.4215827
0.5640126
212
80
1
1
Rectangle
0.70595413
0.83565784
0.4905545
244
80
1
1
Rectangle
0.7624744
0.6308786
0.2910245
228
101
1
1
Rectangle
0.060731836
0.3618885
0.54503006
236
101
1
1
Rectangle
0.48347422
0.4618061
0.8739585
60
80
1
1
Rectangle
0.91204566
0.5265969
0.3396405
60
128
1
1
Rectangle
0.9003876
0.80794704
0.048005614
124
80
1
1
Rectangle
0.7435835
0.9969176
0.9547716
148
80
1
1
Rectangle
0.21436201
0.6761681
0.14847255
180
80
1
1
Rectangle
0.9196448
0.2582171
0.13733329
148
112
1
1
Rectangle
0.7620472
0.7615284
0.66338086
212
80
1
1
Rectangle
0.19385357
0.5831477
0.9063082
244
80
1
1
Rectangle
0.66441846
0.10531937
0.442732
228
101
1
1
Rectangle
0.5316324
0.21704765
0.038361765
236
101
1
1
Rectangle
0.2400586
0.24295786
0.09540086
60
80
1
1
Rectangle
0.3995178
0.06839198
0.321543
60
128
1
1
Rectangle
0.2725608
0.31891844
0.8894009
124
80
1
1
Rectangle
0.32621235
0.24042481
0.31537828
148
80
1
1
Rectangle
0.6626484
0.32981354
0.42545855
180
80
1
1
Rectangle
0.6745201
0.33652762
0.5717338
148
112
1
1
Rectangle
0.35624257
0.57090974
0.60664696
212
80
1
1
Rectangle
0.8074892
0.7392498
0.4655904
244
80
1
1
Rectangle
0.8480178
0.13705863
0.099154636
228
101
1
1
Rectangle
0.81048006
0.12741478
0.5930052
236
101
1
1
Rectangle
0.13980529
0.5902585
0.7021699
60
80
2
12
Rectangle
0.2692343
0.4820704
0.73378706
60
128
7
2
Rectangle
0.9111301
0.2725608
0.9349956
124
80
2
12
Rectangle
0.92571795
0.8649556
0.27738273
148
80
2
12
Rectangle
0.95638907
0.84969634
0.8412122
180
80
2
12
Rectangle
0.9652394
0.45912045
0.39469588
148
112
9
2
Rectangle
0.7907651
0.13043611
0.6192511
212
80
2
12
Rectangle
0.8552202
0.8618732
0.732963
244
80
2
12
Rectangle
0.842555
0.65700245
0.3480636
228
101
2
7
Rectangle
0.6797998
0.54539627
0.63936275
236
101
2
7
Rectangle
0.966216
0.6159856
0.90624714
60
80
7
32
Rectangle
0.42558062
0.87047946
0.50691247
60
128
20
7
Rectangle
0.24427015
0.9120762
0.30957976
124
80
7
32
Rectangle
0.29270303
0.18112735
0.40827662
148
80
7
32
Rectangle
0.33219397
0.39606923
0.2420423
180
80
7
32
Rectangle
0.45808282
0.44788966
0.36509293
148
112
24
7
Rectangle
0.05282754
0.87408066
0.64906764
212
80
7
32
Rectangle
0.43189794
0.78868985
0.015930662
244
80
7
32
Rectangle
0.700766
0.26868495
0.0311594
228
101
7
21
Rectangle
0.84444714
0.10409863
0.72219
236
101
7
21
Rectangle
0.6898709
0.7817316
0.63994265
60
80
9
40
Rectangle
0.8078555
0.14447463
0.90987885
60
128
25
9
Rectangle
0.898587
0.74532306
0.26410717
124
80
9
40
Rectangle
0.53819394
0.7025361
0.315775
148
80
9
40
Rectangle
0.45945615
0.67125463
0.8275399
180
80
9
40
Rectangle
0.32312998
0.42481765
0.4083987
148
112
30
9
Rectangle
0.9292276
0.43983275
0.725486
212
80
9
40
Rectangle
0.8062075
0.08066042
0.21860409
244
80
9
40
Rectangle
0.8872646
0.23493148
0.827723
228
101
9
27
Rectangle
0.55162203
0.14416943
0.7606128
236
101
9
27
Rectangle
0.16812646
0.35822627
0.5005646
60
80
9
40
Rectangle
0.5835139
0.36082032
0.78212833
60
128
25
9
Rectangle
0.2639851
0.06482132
0.9713126
124
80
9
40
Rectangle
0.6799524
0.70491654
0.37211218
148
80
9
40
Rectangle
0.059877317
0.68187505
0.99975586
180
80
9
40
Rectangle
0.275338
0.9185461
0.60573137
148
112
30
9
Rectangle
0.113315225
0.12469863
0.262978
212
80
9
40
Rectangle
0.50611895
0.7770623
0.5410016
244
80
9
40
Rectangle
0.28598896
0.1391644
0.21890926
228
101
9
27
Rectangle
0.8503677
0.4782861
0.1249733
236
101
9
27
Rectangle
0.8019654
0.79442734
0.62337106
60
80
12
51
Rectangle
0.5881832
0.22681357
0.5469222
60
128
32
12
Rectangle
0.87224954
0.5586108
0.4554277
124
80
12
51
Rectangle
0.5684683
0.30466628
0.9126865
148
80
12
51
Rectangle
0.0112308115
0.33011872
0.8829005
180
80
12
51
Rectangle
0.13733329
0.81295204
0.43766594
148
112
38
12
Rectangle
0.20410779
0.69722587
0.19745475
212
80
12
51
Rectangle
0.18732262
0.9582507
0.28681296
244
80
12
51
Rectangle
0.28882718
0.08450575
0.4967498
228
101
12
34
Rectangle
0.7485885
0.36887723
0.35657826
236
101
12
34
0.41935483
0.9382305
0.4061098
167
177
0.99102753
0.5843074
0.3185522
167
185
0.39912108
0.33039337
0.44886625
167
193
0.5633106
0.69075596
0.7549669
167
201
0.14603107
0.9515671
0.90896326
167
209
0.48469496
0.20401624
0.83474225
167
217
0.6913053
0.031434067
0.31437117
167
225
0.9571825
0.848384
0.33280435
167
233
0.055207983
0.91109955
0.123416856
167
241
0.09912412
0.9758599
0.5079806
167
249
0.2036195
0.40424818
0.9490036
167
257
0.34702596
0.13953063
0.05185095
167
265
0.19672231
0.3620716
0.82924896
167
273
0.748619
0.8966033
0.6284982
167
281
0.72307503
0.6148564
0.7739494
167
289
0.21085238
0.40513322
0.064638205
164
361
0.58702356
0.33295694
0.20825832
164
369
0.58626056
0.91073334
0.65150917
164
377
0.5184484
0.45402387
0.1254616
164
385
0.91433454
0.92461926
0.90347
164
393
0.017487107
0.784814
0.87081516
164
401
0.80022585
0.8966033
0.11337626
164
409
0.9663076
0.33457443
0.6376537
164
417
0.4377575
0.6102176
0.7725456
164
425
0.55259866
0.9927366
0.08685568
164
433
0.79482406
0.49821466
0.011139256
164
441
0.78807944
0.45493942
0.12683493
164
449
0.5970336
0.71864986
0.2878506
164
457
0.6857814
0.9523301
0.9413434
164
465
0.5999939
0.27182835
0.23819697
164
473
0.11740471
0.47233498
0.94717246
82
245
0.85277873
0.7994018
0.5076449
82
253
0.62266916
0.40552995
0.63176364
82
261
0.8531144
0.11526841
0.1708121
82
269
0.116245
0.52937406
0.28528702
82
277
0.3007294
0.09775078
0.5978576
82
285
0.65990174
0.57924134
0.627369
82
293
0.1968749
0.4496597
0.998352
82
301
0.35837886
0.9783624
0.3633839
82
309
0.9379864
0.131901
0.9760735
82
317
0.12823878
0.23059785
0.9081698
82
325
0.43684193
0.12146367
0.8917814
82
333
0.6996368
0.64592427
0.019104587
82
341
0.79790646
0.66258734
0.27759635
82
349
0.86916715
0.09274575
0.0028992584
82
357
